0
0
0
0
0
0
-58.6333936
0
0
0
0
0
0
-115.3082877
85.58148178
0
0
0
0
-25.07805917
-119.4333794
0
0
0
0
0
-18.95466922
0
0
0
0
0
0
0
-153.143572
0
0
0
0
0
0
183.7852627
0
0
0
36.29424304
-32.19757735
0
0
76.914482
0
0
0
0
0
0
-138.3183847
0
0
0
278.8520585
278.8520585
0
0
0
0
0
0
0
0
35.95855944
0
0
0
0
37.95931744
0
0
0
0
-163.3299633
0
116.1500354
0
0
-35.62598056
0
87.58462919
0
0
0
0
0
-11.91099627
-11.91099627
104.4473193
0
0
0
-24.55465743
0
0
0
-73.40719316
0
50.71237904
0
0
0
0
0
0
-124.0780638
0
158.5281007
0
-94.05942702
0
0
0
0
0
0
0
0
0
-24.32755266
174.1951428
0
0
0
0
0
0
0
-101.0252924
0
0
0
0
0
0
0
-135.8266694
0
0
-43.06690285
0
-64.97235055
0
24.10254836
0
0
0
0
0
0
0